9     2     0      0  1.1e-13  5.3e-16
   -        4.26           - out
 427        4.27        0.01      861  430  861     2     0      0  2.7e-13  6.5e-16
 428        4.28        0.01      863  431  863     2     0      0  1.1e-13  5.4e-16
   -        4.28           - out
 429        4.29        0.01      865  432  865     2     0      0  9.4e-14  5.1e-16
 430         4.3        0.01      867  433  867     2     0      0  5.2e-14  7.3e-16
   -         4.3           - out
 431        4.31        0.01      869  434  869     2     0      0  3.3e-13  6.5e-16
 432        4.32        0.01      871  435  871     2     0      0  1.8e-13  5.9e-16
   -        4.32           - out
 433        4.33        0.01      873  436  873     2     0      0  4.5e-13  5.3e-16
 434        4.34        0.01      875  437  875     2     0      0  9.6e-14  5.2e-16
   -        4.34           - out
 435        4.35        0.01      877  438  877     2     0      0  3.3e-14  6.2e-16
 436        4.36        0.01      879  439  879     2     0      0  2.8e-13  4.2e-16
   -        4.36           - out
 437        4.37        0.01      881  440  881     2     0      0  1.4e-13  4.7e-16
 438        4.38        0.01      883  441  883     2     0      0  1.4e-13  4.7e-16
   -        4.38           - out
 439        4.39        0.01      885  442  885     2     0      0  1.3e-13  4.4e-16
 440         4.4        0.01      887  443  887     2     0      0  2.3e-13  4.9e-16
   -         4.4           - out
 441        4.41        0.01      889  444  889     2     0      0  2.7e-13    5e-16
 442        4.42        0.01      891  445  891     2     0      0  3.2e-13    6e-16
   -        4.42           - out
 443        4.43        0.01      893  446  893     2     0      0    8e-14  5.3e-16
 444        4.44        0.01      895  447  895     2     0      0  2.2e-13  5.4e-16
   -        4.44           - out
 445        4.45        0.01      897  448  897     2     0      0  6.5e-14  5.2e-16
 446        4.46        0.01      899  449  899     2     0      0  3.1e-14  5.2e-16
   -        4.46           - out
 447        4.47        0.01      901  450  901     2     0      0    6e-14  6.9e-16
 448        4.48        0.01      903  451  903     2     0      0  5.9e-14    6e-16
   -        4.48           - out
 449        4.49        0.01      905  452  905     2     0      0  7.1e-14  6.4e-16
 450         4.5        0.01      907  453  907     2     0      0  1.8e-13  6.7e-16
   -         4.5           - out
 451        4.51        0.01      909  454  909     2     0      0  7.1e-15  4.8e-16
 452        4.52        0.01      911  455  911     2     0      0  2.7e-13  5.5e-16
   -        4.52           - out
 453        4.53        0.01      913  456  913     2     0      0  4.2e-13  6.4e-16
 454        4.54        0.01      915  457  915     2     0      0  9.7e-14  4.7e-16
   -        4.54           - out
 455        4.55        0.01      917  458  917     2     0      0  7.5e-14  5.8e-16
 456        4.56        0.01      919  459  919     2     0      0  1.7e-13  5.8e-16
   -        4.56           - out
 457        4.57        0.01      921  460  921     2     0      0  2.9e-14  6.3e-16
 458        4.58        0.01      923  461  923     2     0      0  5.9e-14  5.2e-16
   -        4.58           - out
 459        4.59        0.01      925  462  925     2     0      0  8.8e-14  6.6e-16
 460         4.6        0.01      927  463  927     2     0      0  3.7e-14  5.8e-16
   -         4.6           - out
 461        4.61        0.01      929  464  929     2     0      0  7.3e-14    5e-16
 462        4.62        0.01      931  465  931     2     0      0  1.4e-14  5.7e-16
   -        4.62           - out
 463        4.63        0.01      933  466  933     2     0      0  2.4e-13  5.2e-16
 464        4.64        0.01      935  467  935     2     0      0  9.2e-14  5.7e-16
   -        4.64           - out
 465        4.65        0.01      937  468  937     2     0      0  9.9e-15  6.3e-16
 466        4.66        0.01      939  469  939     2     0      0  2.3e-14  5.8e-16
   -        4.66           - out
 467        4.67        0.01      941  470  941     2     0      0  1.2e-13  5.4e-16
 468        4.68        0.01      943  471  943     2     0      0    3e-13  5.3e-16
   -        4.68           - out
 469        4.69        0.01      945  472  945     2     0      0  8.5e-14  6.6e-16
 470         4.7        0.01      947  473  947     2     0      0  1.2e-13  5.5e-16
   -         4.7           - out
 471        4.71        0.01      949  474  949     2     0      0  2.1e-13  5.1e-16
 472        4.72        0.01      951  475  951     2     0      0  2.8e-13  6.3e-16
   -        4.72           - out
 473        4.73        0.01      953  476  953     2     0      0  9.2e-14  4.2e-16
 474        4.74        0.01      955  477  955     2     0      0  2.4e-13  5.1e-16
   -        4.74           - out
 475        4.75        0.01      957  478  957     2     0      0  8.4e-14  4.5e-16
 476        4.76        0.01      959  479  959     2     0      0  2.2e-13    5e-16
   -        4.76           - out
 477        4.77        0.01      961  480  961     2     0      0  4.2e-14  4.6e-16
 478        4.78        0.01      963  481  963     2     0      0  1.1e-13  4.7e-16
   -        4.78           - out
 479        4.79        0.01      965  482  965     2     0      0  1.2e-13  4.5e-16
 480         4.8        0.01      967  483  967     2     0      0  1.8e-13  5.5e-16
   -         4.8           - out
 481        4.81        0.01      969  484  969     2     0      0  8.9e-14  5.3e-16
 482        4.82        0.01      971  485  971     2     0      0    7e-14  5.1e-16
   -        4.82           - out
 483        4.83        0.01      973  486  973     2     0      0  1.8e-13  5.8e-16
 484        4.84        0.01      975  487  975     2     0      0  3.7e-13  5.3e-16
   -        4.84           - out
 485        4.85        0.01      977  488  977     2     0      0  1.6e-13  5.2e-16
 486        4.86        0.01      979  489  979     2     0      0  1.5e-13  5.3e-16
   -        4.86           - out
 487        4.87        0.01      981  490  981     2     0      0  2.9e-13  6.3e-16
 488        4.88        0.01      983  491  983     2     0      0  2.4e-13  7.6e-16
   -        4.88           - out
 489        4.89        0.01      985  492  985     2     0      0    2e-13  4.9e-16
 490         4.9        0.01      987  493  987     2     0      0  3.2e-13  5.8e-16
   -         4.9           - out
 491        4.91        0.01      989  494  989     2     0      0  7.5e-14  5.2e-16
 492        4.92        0.01      991  495  991     2     0      0  5.4e-13  5.7e-16
   -        4.92           - out
 493        4.93        0.01      993  496  993     2     0      0  9.8e-14    6e-16
 494        4.94        0.01      995  497  995     2     0      0  1.1e-13  5.7e-16
   -        4.94           - out
 495        4.95        0.01      997  498  997     2     0      0  1.2e-14  5.7e-16
 496        4.96        0.01      999  499  999     2     0      0  4.9e-14  4.8e-16
   -        4.96           - out
 497        4.97        0.01     1001  500 1001     2     0      0    9e-14  6.1e-16
 498        4.98        0.01     1003  501 1003     2     0      0  3.2e-13  5.5e-16
   -        4.98           - out
 499        4.99        0.01     1005  502 1005     2     0      0  2.7e-14  5.4e-16
 500           5        0.01     1007  503 1007     2     0      0  2.3e-14  4.8e-16
   -           5           - out
 501        5.01        0.01     1009  504 1009     2     0      0  2.4e-13  5.4e-16
 502        5.02        0.01     1011  505 1011     2     0      0  1.1e-14  5.4e-16
   -        5.02           - out
 503        5.03        0.01     1013  506 1013     2     0      0  3.1e-13  5.5e-16
 504        5.04        0.01     1015  507 1015     2     0      0  7.6e-14    6e-16
   -        5.04           - out
 505        5.05        0.01     1017  508 1017     2     0      0  6.9e-14  6.5e-16
 506        5.06        0.01     1019  509 1019     2     0      0  4.8e-14    5e-16
   -        5.06           - out
 507        5.07        0.01     1021  510 1021     2     0      0  1.4e-13  6.7e-16
 508        5.08        0.01     1023  511 1023     2     0      0  1.4e-13  6.6e-16
   -        5.08           - out
 509        5.09        0.01     1025  512 1025     2     0      0  2.1e-13  5.8e-16
 510         5.1        0.01     1027  513 1027     2     0      0  2.9e-13  6.1e-16
   -         5.1           - out
 511        5.11        0.01     1029  514 1029     2     0      0  6.3e-14  5.2e-16
 512        5.12        0.01     1031  515 1031     2     0      0  2.1e-13  4.9e-16
   -        5.12           - out
 513        5.13        0.01     1033  516 1033     2     0      0  8.7e-14  5.3e-16
 514        5.14        0.01     1035  517 1035     2     0      0  2.3e-13  4.3e-16
   -        5.14           - out
 515        5.15        0.01     1037  518 1037     2     0      0  4.2e-14  4.7e-16
 516        5.16        0.01     1039  519 1039     2     0      0  6.2e-14  4.7e-16
   -        5.16           - out
 517        5.17        0.01     1041  520 1041     2     0      0  2.4e-13  4.7e-16
 518        5.18        0.01     1043  521 1043     2     0      0  2.9e-15  5.6e-16
   -        5.18           - out
 519        5.19        0.01     1045  522 1045     2     0      0  2.9e-13  5.4e-16
 520         5.2        0.01     1047  523 1047     2     0      0  6.4e-15  4.7e-16
   -         5.2           - out
 521        5.21        0.01     1049  524 1049     2     0      0  2.8e-13  6.4e-16
 522        5.22        0.01     1051  525 1051     2     0      0  3.3e-14  5.6e-16
   -        5.22           - out
 523        5.23        0.01     1053  526 1053     2     0      0  7.4e-14  5.4e-16
 524        5.24        0.01     1055  527 1055     2     0      0  1.1e-14  6.4e-16
   -        5.24           - out
 525        5.25        0.01     1057  528 1057     2     0      0  2.4e-13  5.7e-16
 526        5.26        0.01     1059  529 1059     2     0      0  1.8e-14  5.4e-16
   -        5.26           - out
 527        5.27        0.01     1061  530 1061     2     0      0    3e-13  6.2e-16
 528        5.28        0.01     1063  531 1063     2     0      0    2e-14  5.4e-16
   -        5.28           - out
 529        5.29        0.01     1065  532 1065     2     0      0  4.5e-14  5.7e-16
 530         5.3        0.01     1067  533 1067     2     0      0  1.8e-13  5.4e-16
   -         5.3           - out
 531        5.31        0.01     1069  534 1069     2     0      0  1.8e-13  5.3e-16
 532        5.32        0.01     1071  535 1071     2     0      0  2.3e-13  6.2e-16
   -        5.32           - out
 533        5.33        0.01     1073  536 1073     2     0      0  1.1e-14  5.8e-16
 534        5.34        0.01     1075  537 1075     2     0      0    2e-13  5.4e-16
   -        5.34           - out
 535        5.35        0.01     1077  538 1077     2     0      0  1.4e-13  5.3e-16
 536        5.36        0.01     1079  539 1079     2     0      0  2.7e-14  6.2e-16
   -        5.36           - out
 537        5.37        0.01     1081  540 1081     2     0      0    1e-13  5.6e-16
 538        5.38        0.01     1083  541 1083     2     0      0  1.7e-13  4.9e-16
   -        5.38           - out
 539        5.39        0.01     1085  542 1085     2     0      0  6.2e-14    5e-16
 540         5.4        0.01     1087  543 1087     2     0      0  6.2e-14  5.2e-16
   -         5.4           - out
 541        5.41        0.01     1089  544 1089     2     0      0  2.9e-13  5.2e-16
 542        5.42        0.01     1091  545 1091     2     0      0  3.2e-13  6.1e-16
   -        5.42           - out
 543        5.43        0.01     1093  546 1093     2     0      0  9.2e-14  5.4e-16
 544        5.44        0.01     1095  547 1095     2     0      0    1e-14  5.3e-16
   -        5.44           - out
 545        5.45        0.01     1097  548 1097     2     0      0  3.2e-13  5.7e-16
 546        5.46        0.01     1099  549 1099     2     0      0  1.2e-13  8.3e-16
   -        5.46           - out
 547        5.47        0.01     1101  550 1101     2     0      0  1.3e-13  5.4e-16
 548        5.48        0.01     1103  551 1103     2     0      0  1.1e-13  5.5e-16
   -        5.48           - out
 549        5.49        0.01     1105  552 1105     2     0      0  2.9e-14  4.8e-16
 550         5.5        0.01     1107  553 1107     2     0      0  1.7e-13    5e-16
   -         5.5           - out
 551        5.51        0.01     1109  554 1109     2     0      0    7e-14  4.7e-16
 552        5.52        0.01     1111  555 1111     2     0      0  1.1e-13  4.7e-16
   -        5.52           - out
 553        5.53        0.01     1113  556 1113     2     0      0  1.4e-13  4.4e-16
 554        5.54        0.01     1115  557 1115     2     0      0  3.7e-13  4.2e-16
   -        5.54           - out
 555        5.55        0.01     1117  558 1117     2     0      0  3.8e-13  4.5e-16
 556        5.56        0.01     1119  559 1119     2     0      0  2.7e-13  4.7e-16
   -        5.56           - out
 557        5.57        0.01     1121  560 1121     2     0      0  7.8e-14  5.2e-16
 558        5.58        0.01     1123  561 1123     2     0      0  2.6e-13  5.3e-16
   -        5.58           - out
 559        5.59        0.01     1125  562 1125     2     0      0  7.4e-14  4.6e-16
 560         5.6        0.01     1127  563 1127     2     0      0  3.5e-13  5.7e-16
   -         5.6           - out
 561        5.61        0.01     1129  564 1129     2     0      0  2.1e-14  6.4e-16
 562        5.62        0.01     1131  565 1131     2     0      0  6.3e-14  6.4e-16
   -        5.62           - out
 563        5.63        0.01     1133  566 1133     2     0      0  1.2e-13  5.3e-16
 564        5.64        0.01     1135  567 1135     2     0      0  8.8e-15  5.1e-16
   -        5.64           - out
 565        5.65        0.01     1137  568 1137     2     0      0  2.4e-13  6.7e-16
 566        5.66        0.01     1139  569 1139     2     0      0  1.1e-13  5.2e-16
   -        5.66           - out
 567        5.67        0.01     1141  570 1141     2     0      0  2.2e-13  5.6e-16
 568        5.68        0.01     1143  571 1143     2     0      0  9.1e-14  4.8e-16
   -        5.68           - out
 569        5.69        0.01     1145  572 1145     2     0      0  2.4e-13  4.7e-16
 570         5.7        0.01     1147  573 1147     2     0      0  1.9e-13    6e-16
   -         5.7           - out
 571        5.71        0.01     1149  574 1149     2     0      0  9.5e-14  6.3e-16
 572        5.72        0.01     1151  575 1151     2     0      0  1.1e-13  6.2e-16
   -        5.72           - out
 573        5.73        0.01     1153  576 1153     2     0      0  4.6e-14  5.5e-16
 574        5.74        0.01     1155  577 1155     2     0      0  1.9e-13  6.7e-16
   -        5.74           - out
 575        5.75        0.01     1157  578 1157     2     0      0    1e-13  5.6e-16
 576        5.76        0.01     1159  579 1159     2     0      0  1.5e-13  5.5e-16
   -        5.76           - out
 577        5.77        0.01     1161  580 1161     2     0      0    3e-13  5.8e-16
 578        5.78        0.01     1163  581 1163     2     0      0  2.1e-13  5.1e-16
   -        5.78           - out
 579        5.79        0.01     1165  582 1165     2     0      0  1.7e-13  5.4e-16
 580         5.8        0.01     1167  583 1167     2     0      0  1.8e-13    6e-16
   -         5.8           - out
 581        5.81        0.01     1169  584 1169     2     0      0  2.5e-13  6.2e-16
 582        5.82        0.01     1171  585 1171     2     0      0  1.4e-13  6.7e-16
   -        5.82           - out
 583        5.83        0.01     1173  586 1173     2     0      0  1.2e-13  5.9e-16
 584        5.84        0.01     1175  587 1175     2     0      0  2.5e-13  7.2e-16
   -        5.84           - out
 585        5.85        0.01     1177  588 1177     2     0      0  3.3e-13  5.3e-16
 586        5.86        0.01     1179  589 1179     2     0      0  8.6e-14  5.9e-16
   -        5.86           - out
 587        5.87        0.01     1181  590 1181     2     0      0  1.8e-13  5.4e-16
 588        5.88        0.01     1183  591 1183     2     0      0  3.1e-13  4.8e-16
   -        5.88           - out
 589        5.89        0.01     1185  592 1185     2     0      0  6.8e-14  5.2e-16
 590         5.9        0.01     1187  593 1187     2     0      0  3.9e-13    5e-16
   -         5.9           - out
 591        5.91        0.01     1189  594 1189     2     0      0  3.2e-14  5.2e-16
 592        5.92        0.01     1191  595 1191     2     0      0  3.3e-13  5.2e-16
   -        5.92           - out
 593        5.93        0.01     1193  596 1193     2     0      0  2.6e-13  4.8e-16
 594        5.94        0.01     1195  597 1195     2     0      0    2e-14  4.7e-16
   -        5.94           - out
 595        5.95        0.01     1197  598 1197     2     0      0  1.7e-13  5.2e-16
 596        5.96        0.01     1199  599 1199     2     0      0  4.2e-14  5.3e-16
   -        5.96           - out
 597        5.97        0.01     1201  600 1201     2     0      0  2.1e-13  4.9e-16
 598        5.98        0.01     1203  601 1203     2     0      0  9.1e-14  5.1e-16
   -        5.98           - out
 599        5.99        0.01     1205  602 1205     2     0      0  3.5e-13  5.6e-16
 600           6        0.01     1207  603 1207     2     0      0  3.4e-13  6.4e-16
   -           6           - out
 601        6.01        0.01     1209  604 1209     2     0      0    1e-14  6.9e-16
 602        6.02        0.01     1211  605 1211     2     0      0  8.2e-14    5e-16
   -        6.02           - out
 603        6.03        0.01     1213  606 1213     2     0      0  2.5e-13  5.3e-16
 604        6.04        0.01     1215  607 1215     2     0      0  1.2e-13    5e-16
   -        6.04           - out
 605        6.05        0.01     1217  608 1217     2     0      0  4.4e-13  5.4e-16
 606        6.06        0.01     1219  609 1219     2     0      0  3.1e-13  6.7e-16
   -        6.06           - out
 607        6.07        0.01     1221  610 1221     2     0      0  2.2e-13  5.3e-16
 608        6.08        0.01     1223  611 1223     2     0      0  2.3e-13  5.5e-16
   -        6.08           - out
 609        6.09        0.01     1225  612 1225     2     0      0  1.2e-13  5.6e-16
 610         6.1        0.01     1227  613 1227     2     0      0  3.3e-13  6.2e-16
   -         6.1           - out
 611        6.11        0.01     1229  614 1229     2     0      0  1.9e-13  4.5e-16
 612        6.12        0.01     1231  615 1231     2     0      0  1.1e-13  6.3e-16
   -        6.12           - out
 613        6.13        0.01     1233  616 1233     2     0      0  3.7e-14  5.7e-16
 614        6.14        0.01     1235  617 1235     2     0      0  1.7e-13  5.6e-16
   -        6.14           - out
 615        6.15        0.01     1237  618 1237     2     0      0  1.6e-13  5.2e-16
 616        6.16        0.01     1239  619 1239     2     0      0    2e-14  5.4e-16
   -        6.16           - out
 617        6.17        0.01     1241  620 1241     2     0      0  4.2e-14  5.8e-16
 618        6.18        0.01     1243  621 1243     2     0      0  3.1e-13  5.2e-16
   -        6.18           - out
 619        6.19        0.01     1245  622 1245     2     0      0  1.2e-14  6.8e-16
 620         6.2        0.01     1247  623 1247     2     0      0  1.1e-13  4.6e-16
   -         6.2           - out
 621        6.21        0.01     1249  624 1249     2     0      0  2.6e-13  5.2e-16
 622        6.22        0.01     1251  625 1251     2     0      0  5.6e-15  6.4e-16
   -        6.22           - out
 623        6.23        0.01     1253  626 1253     2     0      0  9.3e-14    6e-16
 624        6.24        0.01     1255  627 1255     2     0      0  5.2e-13  5.3e-16
   -        6.24           - out
 625        6.25        0.01     1257  628 1257     2     0      0    2e-13  5.5e-16
 626        6.26        0.01     1259  629 1259     2     0      0  1.5e-14  3.9e-16
   -        6.26           - out
 627        6.27        0.01     1261  630 1261     2     0      0  1.2e-14  4.2e-16
 628        6.28        0.01     1263  631 1263     2     0      0  3.6e-13  4.7e-16
   -        6.28           - out
 629        6.29        0.01     1265  632 1265     2     0      0  2.9e-14  4.6e-16
 630         6.3        0.01     1267  633 1267     2     0      0  1.1e-13  4.4e-16
   -         6.3           - out
 631        6.31        0.01     1269  634 1269     2     0      0  2.4e-13  4.5e-16
 632        6.32        0.01     1271  635 1271     2     0      0    2e-13  4.8e-16
   -        6.32           - out
 633        6.33        0.01     1273  636 1273     2     0      0  1.9e-13  5.7e-16
 634        6.34        0.01     1275  637 1275     2     0      0  1.3e-13  5.8e-16
   -        6.34           - out
 635        6.35        0.01     1277  638 1277     2     0      0  9.6e-14  5.1e-16
 636        6.36        0.01     1279  639 1279     2     0      0  9.6e-14  5.2e-16
   -        6.36           - out
 637        6.37        0.01     1281  640 1281     2     0      0  4.7e-14  5.9e-16
 638        6.38        0.01     1283  641 1283     2     0      0  5.8e-14  5.1e-16
   -        6.38           - out
 639        6.39        0.01     1285  642 1285     2     0      0  7.1e-14  7.7e-16
 640         6.4        0.01     1287  643 1287     2     0      0  8.1e-14    6e-16
   -         6.4           - out
 641        6.41        0.01     1289  644 1289     2     0      0  1.1e-14  5.4e-16
 642        6.42        0.01     1291  645 1291     2     0      0  2.4e-13    6e-16
   -        6.42           - out
 643        6.43        0.01     1293  646 1293     2     0      0  4.8e-13  5.2e-16
 644        6.44        0.01     1295  647 1295     2     0      0  1.9e-13  4.9e-16
   -        6.44           - out
 645        6.45        0.01     1297  648 1297     2     0      0  3.1e-14  5.5e-16
 646        6.46        0.01     1299  649 1299     2     0      0  9.4e-15  5.2e-16
   -        6.46           - out
 647        6.47        0.01     1301  650 1301     2     0      0  1.9e-14  5.7e-16
 648        6.48        0.01     1303  651 1303     2     0      0  5.2e-15  5.9e-16
   -        6.48           - out
 649        6.49        0.01     1305  652 1305     2     0      0  1.3e-13  4.9e-16
 650         6.5        0.01     1307  653 1307     2     0      0  1.2e-13  5.5e-16
   -         6.5           - out
 651        6.51        0.01     1309  654 1309     2     0      0  7.7e-14  6.4e-16
 652        6.52        0.01     1311  655 1311     2     0      0  2.6e-14  5.3e-16
   -        6.52           - out
 653        6.53        0.01     1313  656 1313     2     0      0  7.1e-14  5.3e-16
 654        6.54        0.01     1315  657 1315     2     0      0    2e-14  5.2e-16
   -        6.54           - out
 655        6.55        0.01     1317  658 1317     2     0      0  2.5e-13  6.3e-16
 656        6.56        0.01     1319  659 1319     2     0      0  6.6e-14  5.5e-16
   -        6.56           - out
 657        6.57        0.01     1321  660 1321     2     0      0  4.4e-13    6e-16
 658        6.58        0.01     1323  661 1323     2     0      0  2.6e-13  5.2e-16
   -        6.58           - out
 659        6.59        0.01     1325  662 1325     2     0      0  2.1e-13  4.9e-16
 660         6.6        0.01     1327  663 1327     2     0      0  2.7e-14  6.6e-16
   -         6.6           - out
 661        6.61        0.01     1329  664 1329     2     0      0    2e-13  6.3e-16
 662        6.62        0.01     1331  665 1331     2     0      0  2.6e-13  5.1e-16
   -        6.62           - out
 663        6.63        0.01     1333  666 1333     2     0      0  2.7e-13    6e-16
 664        6.64        0.01     1335  667 1335     2     0      0  1.6e-14  4.7e-16
   -        6.64           - out
 665        6.65        0.01     1337  668 1337     2     0      0  9.6e-14  4.6e-16
 666        6.66        0.01     1339  669 1339     2     0      0  2.4e-13  4.6e-16
   -        6.66           - out
 667        6.67        0.01     1341  670 1341     2     0      0  5.2e-14  5.1e-16
 668        6.68        0.01     1343  671 1343     2     0      0  3.5e-14  4.9e-16
   -        6.68           - out
 669        6.69        0.01     1345  672 1345     2     0      0  1.2e-14  4.4e-16
 670         6.7        0.01     1347  673 1347     2     0      0  6.9e-14  4.3e-16
   -         6.7           - out
 671        6.71        0.01     1349  674 1349     2     0      0  4.4e-14  4.6e-16
 672        6.72        0.01     1351  675 1351     2     0      0    9e-14  5.6e-16
   -        6.72           - out
 673        6.73        0.01     1353  676 1353     2     0      0  3.2e-14  5.5e-16
 674        6.74        0.01     1355  677 1355     2     0      0    2e-13    5e-16
   -        6.74           - out
 675        6.75        0.01     1357  678 1357     2     0      0  9.7e-15  5.7e-16
 676        6.76        0.01     1359  679 1359     2     0      0  1.6e-13    5e-16
   -        6.76           - out
 677        6.77        0.01     1361  680 1361     2     0      0  1.3e-13  5.5e-16
 678        6.78        0.01     1363  681 1363     2     0      0  1.3e-13  5.3e-16
   -        6.78           - out
 679        6.79        0.01     1365  682 1365     2     0      0  2.1e-13  5.5e-16
 680         6.8        0.01     1367  683 1367     2     0      0  1.4e-13  5.7e-16
   -         6.8           - out
 681        6.81        0.01     1369  684 1369     2     0      0  5.5e-14  5.8e-16
 682        6.82        0.01     1371  685 1371     2     0      0    2e-14  5.7e-16
   -        6.82           - out
 683        6.83        0.01     1373  686 1373     2     0      0  9.4e-14  6.1e-16
 684        6.84        0.01     1375  687 1375     2     0      0  3.4e-14  5.6e-16
   -        6.84           - out
 685        6.85        0.01     1377  688 1377     2     0      0  1.6e-13  5.9e-16
 686        6.86        0.01     1379  689 1379     2     0      0  4.2e-13  6.2e-16
   -        6.86           - out
 687        6.87        0.01     1381  690 1381     2     0      0  3.9e-15  5.4e-16
 688        6.88        0.01     1383  691 1383     2     0      0  2.3e-13  5.1e-16
   -        6.88           - out
 689        6.89        0.01     1385  692 1385     2     0      0  1.5e-13  6.5e-16
 690         6.9        0.01     1387  693 1387     2     0      0    7e-14  5.2e-16
   -         6.9           - out
 691        6.91        0.01     1389  694 1389     2     0      0    4e-14  5.4e-16
 692        6.92        0.01     1391  695 1391     2     0      0  3.2e-13  5.3e-16
   -        6.92           - out
 693        6.93        0.01     1393  696 1393     2     0      0  1.5e-14  5.4e-16
 694        6.94        0.01     1395  697 1395     2     0      0  3.5e-14    6e-16
   -        6.94           - out
 695        6.95        0.01     1397  698 1397     2     0      0  6.3e-15  5.7e-16
 696        6.96        0.01     1399  699 1399     2     0      0  1.4e-13  5.5e-16
   -        6.96           - out
 697        6.97        0.01     1401  700 1401     2     0      0  8.6e-14    5e-16
 698        6.98        0.01     1403  701 1403     2     0      0  7.1e-14  4.7e-16
   -        6.98           - out
 699        6.99        0.01     1405  702 1405     2     0      0  2.5e-13  6.9e-16
 700           7        0.01     1407  703 1407     2     0      0  9.5e-14    5e-16
   -           7           - out
 701        7.01        0.01     1409  704 1409     2     0      0  1.8e-13  5.7e-16
Time-stepping completed.
Solution time: 47 s.
Physical memory: 1.26 GB
Virtual memory: 1.55 GB
Ended at May 24, 2023, 5:16:15 PM.
----- Time-Dependent Solver 1 in Study 1/Solution 1 (sol1) -------------------->
================================================================================
